[[PAPER PAGE 35]]
                                    0.223906961655   0.876994694286
Akkermansia       67   9    0.134
                                    63617            9572
                                    0.230317869582   0.876994694286
Selenomonas       33   5    0.152
                                    99133            9572
Methanobrevib                       0.230317869582   0.876994694286
                  33   5    0.152
acter                               99133            9572
                                    0.236408642446   0.876994694286
Nocardia          25   4    0.160
                                    82802            9572
                                    0.236408642446   0.876994694286
Fibrobacter       25   4    0.160
                                    82802            9572
                                    0.236930018214   0.876994694286
Megasphaera       68   9    0.132
                                    6215             9572
Lachnoanaerob                       0.249591716212   0.889187205813
                  34   5    0.147
aculum                              1227             5635
                                    0.249591716212   0.889187205813
Kingella          34   5    0.147
                                    1227             5635
Parabacteroide                      0.250980259705   0.889187205813
                  87   11   0.126
s                                   4413             5635
                                    0.269251039773   0.940482505125
Catonella         35   5    0.143
                                    8372             5159
Corynebacteriu                      0.299986479936
                  91   11   0.121                    1.0
m                                   78423
                                    0.305433696908
Tannerella        28   4    0.143                    1.0
                                    1328
Candidatus_Sol                      0.309453563742
                  37   5    0.135                    1.0
eaferrea                            88324
                                    0.309557239204
Lachnospira       55   7    0.127                    1.0
                                    41663
                                    0.316254147757
Anaerostipes      83   10   0.120                    1.0
                                    0478
Bradyrhizobiu                       0.323142403941
                  65   8    0.123                    1.0
m                                   11926
                                    0.328568897146
Olsenella         47   6    0.128                    1.0
                                    1327
Acetitomaculu                       0.328952034984
                  29   4    0.138                    1.0
m                                   918
                                    0.329863552054
Pedobacter        38   5    0.132                    1.0
                                    893
                                    0.342891437728
Atopobium         57   7    0.123                    1.0
                                    06113
                                    0.351591175516
Gemmata           21   3    0.143                    1.0
                                    9639
Negativibacillu                     0.359723372140
                  58   7    0.121                    1.0
s                                   77327
                                    0.370982303465
Treponema         40   5    0.125                    1.0
                                    7993
                                    0.379959061588
Anaerofilum       22   3    0.136                    1.0
                                    09667
                                    0.379959061588
Phaselicystis     22   3    0.136                    1.0
                                    09667
Marvinbryanti                       0.383876992275
                  50   6    0.120                    1.0
a                                   7232
                                    0.385444101242
Brevundimonas     69   8    0.116                    1.0
                                    3575
Stenotrophomo                       0.393548597899
                  60   7    0.117                    1.0
nas                                 13854
                                    0.423056335874
Coxiella          33   4    0.121                    1.0
                                    3078
Phenylobacteri    43   5    0.116   0.432529057471   1.0

[[PAPER PAGE 36]]
um                                  78994
                                    0.435726273048
Coprobacter      24    3    0.125                    1.0
                                    7911
                                    0.435726273048
Filifactor       24    3    0.125                    1.0
                                    7911
                                    0.435726273048
Shewanella       24    3    0.125                    1.0
                                    7911
                                    0.443203066400
Blautia          102   11   0.108                    1.0
                                    9525
                                    0.446184951829
Holdemania       34    4    0.118                    1.0
                                    2653
                                    0.469015134029
Enterobacter     35    4    0.114                    1.0
                                    96614
                                    0.491488594633
Aeromonas        36    4    0.111                    1.0
                                    7808
                                    0.491488594633
Caulobacter      36    4    0.111                    1.0
                                    7808
Pseudopropioni                      0.515418858307
                 27    3    0.111                    1.0
bacterium                           9999
                                    0.531439275847
Parvimonas       48    5    0.104                    1.0
                                    2106
                                    0.531439275847
Mycoplasma       48    5    0.104                    1.0
                                    2106
Brachybacteriu                      0.535164022722
                 38    4    0.105                    1.0
m                                   7555
Sphingobacteri                      0.556280642562
                 39    4    0.103                    1.0
um                                  8786
                                    0.561751462265
Acinetobacter    101   10   0.099                    1.0
                                    9117
                                    0.565055679835
Enterococcus     91    9    0.099                    1.0
                                    745
                                    0.568801593170
Arthrobacter     50    5    0.100                    1.0
                                    9377
                                    0.573649059412
Dorea            71    7    0.099                    1.0
                                    7721
                                    0.576869346906
Intestinimonas   40    4    0.100                    1.0
                                    9974
                                    0.579454890524
Massilia         61    6    0.098                    1.0
                                    0392
                                    0.588648760440
Facklamia        30    3    0.100                    1.0
                                    4943
                                    0.608253001874
Williamsia       20    2    0.100                    1.0
                                    8321
Cloacibacteriu                      0.608253001874
                 20    2    0.100                    1.0
m                                   8321
Methylobacteri                      0.611140372832
                 84    8    0.095                    1.0
um                                  3437
                                    0.611414382477
Peredibacter     31    3    0.097                    1.0
                                    1845
Terrisporobact                      0.611414382477
                 31    3    0.097                    1.0
er                                  1845
                                    0.611700417052
Granulicatella   63    6    0.095                    1.0
                                    0003
                                    0.633316480919
Halomonas        32    3    0.094                    1.0
                                    3795
                                    0.635270036228
Gordonia         21    2    0.095                    1.0
                                    2919
                                    0.654342495423
Acidibacter      33    3    0.091                    1.0
                                    8868

