[[PAPER PAGE 33]]
                                    0.001226149989   0.098625028903
Comamonas         51   13   0.255
                                    1986897          93288
                                    0.001742210385   0.098625028903
Johnsonella       35   10   0.286
                                    1516847          93288
                                    0.002386089408   0.098625028903
Simonsiella       20   7    0.350
                                    966118           93288
                                    0.002386089408   0.098625028903
Desulfobulbus     20   7    0.350
                                    966118           93288
                                    0.003030225403   0.107356557145
Sutterella        56   13   0.232
                                    3037486          61852
                                    0.003583040147   0.111074244580
Agathobacter      77   16   0.208
                                    751078           28342
                                    0.005889699276   0.161109957476
Collinsella       67   14   0.209
                                    757321           64922
                                    0.006747618035   0.161109957476
Desulfovibrio     68   14   0.206
                                    44495            64922
Anaerosporoba                       0.007783619237   0.161109957476
                  30   8    0.267
cter                                92132            64922
                                    0.008004971888   0.161109957476
Solobacterium     49   11   0.224
                                    016863           64922
                                    0.008445280029   0.161109957476
Bilophila         56   12   0.214
                                    017902           64922
                                    0.016260359901   0.288040661110
Barnesiella       47   10   0.213
                                    383525           2225
                                    0.021501268881   0.350420126357
Bergeyella        49   10   0.204
                                    13899            6335
                                    0.022607750087   0.350420126357
Anaerovorax       23   6    0.261
                                    589258           6335
                                    0.024238404563   0.353595548926
Odoribacter       57   11   0.193
                                    49196            2357
                                    0.025826788661   0.355835754897
Cetobacterium     30   7    0.233
                                    909898           42525
                                    0.031994021841   0.412814207952
Mogibacterium     45   9    0.200
                                    86363            3551
                                    0.034209123078   0.412814207952
Eubacterium       60   11   0.183
                                    73303            3551
Subdoligranulu                      0.035467001433   0.412814207952
                  83   14   0.169
m                                   08487            3551
                                    0.036620615221   0.412814207952
Slackia           39   8    0.205
                                    57989            3551
                                    0.040017895148   0.431497304212
Campylobacter     69   12   0.174
                                    75476            66
                                    0.043174495284   0.446136451272
Enhydrobacter     20   5    0.250
                                    46339            78834
                                    0.046060001870   0.453852358283
Fastidiosipila    86   14   0.163
                                    58948            953
Stomatobaculu                       0.048144326629   0.453852358283
                  34   7    0.206
m                                   12472            953
Phascolarctoba                      0.049411345458   0.453852358283
                  56   10   0.179
cterium                             33359            953
                                    0.055006948868   0.470404252390
Fournierella      28   6    0.214
                                    291425           906
Propionibacteri                     0.055006948868   0.470404252390
                  28   6    0.214
um                                  291425           906
                                    0.060669351591   0.483186617866
Moryella          43   8    0.186
                                    22358            3752
Aggregatibacte                      0.062828142375   0.483186617866
                  36   7    0.194
r                                   83728            3752
Fretibacterium    29   6    0.207   0.063717444452   0.483186617866

[[PAPER PAGE 34]]
                                   2859             3752
                                   0.064294993506   0.483186617866
Leptotrichia     51   9    0.176
                                   41282            3752
Dolosigranulu                      0.071085058271   0.518502777982
                 37   7    0.189
m                                  75729            2297
                                   0.073190108399   0.518604196662
Anaeroplasma     30   6    0.200
                                   87991            0062
                                   0.085074885878   0.577705898153
Papillibacter    24   5    0.208
                                   67089            1825
                                   0.086189992869   0.577705898153
Cutibacterium    54   9    0.167
                                   62803            1825
                                   0.089433889739   0.583673806720
Anaerotruncus    39   7    0.179
                                   4184             4149
                                   0.099516423965   0.626546230147
Abiotrophia      40   7    0.175
                                   55122            6376
                                   0.102970794170   0.626546230147
Lautropia        56   9    0.161
                                   76241            6376
                                   0.106108635750   0.626546230147
Moraxella        33   6    0.182
                                   80959            6376
                                   0.106108635750   0.626546230147
Butyricimonas    33   6    0.182
                                   80959            6376
                                   0.119923548936   0.672906616565
Butyricicoccus   66   10   0.152
                                   55092            6145
                                   0.121447206815   0.672906616565
Enterorhabdus    42   7    0.167
                                   06566            6145
Hydrogenoanae                      0.126557448308   0.672906616565
                 27   5    0.185
robacterium                        2461             6145
                                   0.126557448308   0.672906616565
Tumebacillus     27   5    0.185
                                   2461             6145
                                   0.131635774841   0.672906616565
Leuconostoc      35   6    0.171
                                   83725            6145
Saccharoferme                      0.132953323434   0.672906616565
                 20   4    0.200
ntans                              3351             6145
                                   0.132953323434   0.672906616565
Marinomonas      20   4    0.200
                                   3351             6145
                                   0.141635604798   0.691053967992
Parasutterella   60   9    0.150
                                   3447             992
Ammopiptanth                       0.142111904708   0.691053967992
                 28   5    0.179
us                                 23626            992
                                   0.145397301335   0.693433283290
Finegoldia       36   6    0.167
                                   03725            1777
                                   0.153620635614   0.718828634575
Alistipes        78   11   0.141
                                   8474             135
                                   0.158507385398   0.727959844051
Ruminococcus     45   7    0.156
                                   35585            7083
                                   0.167051115612   0.753248666759
Paucibacter      88   12   0.136
                                   0358             725
Carnobacteriu                      0.171927897066   0.761394972722
                 22   4    0.182
m                                  45586            8759
                                   0.192731013518   0.838548971098
Erysipelothrix   23   4    0.174
                                   62001            5572
                                   0.198722696795   0.849710841470
Oribacterium     65   9    0.138
                                   465              2642
                                   0.211164667510   0.871098939074
Neisseria        66   9    0.136
                                   03035            7419
                                   0.211498288699   0.871098939074
Fluviicola       32   5    0.156
                                   32752            7419
                                   0.214262239046   0.871098939074
Ezakiella        24   4    0.167
                                   6099             7419

