[[PAPER PAGE 54]]
2   107   2.515   2.510   2.444   0.756
2   108   2.438   1.642   0.847   0.880
2   109   2.155   1.247   1.807   1.221
2   110   1.662   1.617   2.116   0.776
2   113   1.147   0.941   1.219   0.558
2   114   2.858   3.247   2.295   0.620
2   115   2.530   2.206   1.993   1.214
2   116   2.876   2.524   2.876   1.051
2   117   2.379   2.359   2.637   1.074
2   118   1.982   2.274   2.274   1.415
2   119   1.741   1.992   2.283   0.393
2   120   2.759   3.044   3.044   2.518
2   122   2.527   1.499   2.367   1.749
2   123   2.300   0.996   1.530   0.738
2   124   0.194   0.191   0.189   0.144
2   125   2.278   2.051   2.197   1.460
2   126   0.142   0.142   0.143   0.088
2   127   1.811   1.530   1.867   1.574
2   128   2.312   1.957   1.355   1.093
2   129   2.277   2.272   1.782   1.147
2   130   2.258   2.313   2.348   0.983
2   131   2.223   1.924   1.213   0.468
2   132   3.207   0.984   0.702   0.563
2   133   2.235   0.984   1.264   0.527
2   134   0.767   0.766   0.765   0.815
2   135   2.120   1.642   1.347   0.635
2   136   2.065   1.948   1.781   1.047
2   137   0.465   0.465   0.465   1.693
2   138   0.139   0.137   0.135   0.138
2   139   2.156   0.790   1.122   1.228
2   140   2.916   1.696   2.437   1.990
3   0     2.692   0.879   1.198   0.327
3   1     3.912   1.600   1.960   1.029
3   2     3.988   2.186   2.417   0.818
3   3     3.679   1.253   1.512   0.649
3   4     3.369   1.302   1.272   0.451
3   5     4.037   1.074   1.515   0.461
3   6     3.757   0.752   0.943   0.476
3   7     3.570   1.353   1.952   1.055
3   8     3.136   1.754   1.861   0.747
3   9     3.931   0.988   1.197   0.368
3   10    3.025   1.509   1.526   0.649
3   11    3.156   0.987   1.365   0.373
3   12    3.729   1.341   1.438   0.725
3   13    3.378   2.279   1.436   0.730
3   14    3.821   2.580   2.534   0.773
3   15    2.804   1.028   1.116   0.383
3   16    3.040   2.313   1.350   0.618
3   17    3.489   2.964   1.632   0.600
3   18    3.620   3.526   2.898   0.524
3   19    4.771   2.353   1.188   0.914
3   20    3.403   2.577   2.433   1.197
3   21    2.948   1.788   1.820   0.455
3   22    3.769   1.015   1.528   1.059
3   23    2.485   1.344   1.370   0.980
3   24    2.960   2.232   1.901   0.673
3   25    3.116   2.602   1.995   0.969

[[PAPER PAGE 55]]
3   26   4.228   3.502   3.377   1.256
3   27   3.416   2.585   2.307   1.199
3   28   3.524   2.890   3.046   0.923
3   29   3.266   1.377   2.271   0.443
3   30   3.064   2.998   3.085   1.927
3   31   2.482   1.104   0.956   0.416
3   32   2.978   1.782   1.723   0.602
3   33   3.480   1.761   2.133   1.334
3   34   2.914   1.856   2.031   0.961
3   35   2.919   1.601   1.330   0.449
3   36   3.238   3.033   2.778   1.628
3   37   4.988   1.986   2.224   1.293
3   38   4.578   1.532   2.686   1.385
3   39   3.369   2.302   1.345   0.878
3   40   2.130   1.333   1.373   0.982
3   41   2.602   1.543   1.713   0.906
3   42   2.704   1.592   2.602   1.580
3   43   4.576   1.711   1.454   0.970
3   44   2.551   1.982   1.411   0.958
3   45   2.415   1.912   1.528   0.978
3   46   2.727   2.141   2.892   1.497
3   47   4.370   2.832   2.897   0.926
3   48   4.282   2.589   2.591   0.959
3   49   3.236   1.260   0.725   0.724
3   50   2.517   2.582   2.950   0.804
3   51   3.398   3.333   2.893   1.816
3   52   1.105   1.093   1.086   0.996
3   53   2.588   2.729   2.537   0.746
3   54   0.823   0.828   0.831   1.130
3   55   2.067   1.669   2.303   0.626
3   56   3.342   3.206   2.579   1.216
3   57   2.982   2.236   1.637   0.512
3   58   4.157   2.098   1.363   0.883
3   59   4.527   1.687   2.336   0.680
3   60   2.165   1.502   2.165   0.533
3   61   2.834   2.335   1.639   0.877
3   62   2.340   2.620   2.921   0.368
3   63   1.698   1.404   1.405   0.801
3   64   2.770   0.861   1.198   1.144
3   65   2.707   1.328   1.113   0.865
3   66   1.333   0.732   1.448   0.763
3   67   2.443   1.402   1.893   0.725
3   68   2.707   1.586   2.292   1.068
3   69   3.904   1.662   1.560   0.820
3   70   2.562   2.102   2.327   1.101
3   71   2.425   1.629   1.133   0.807
3   72   2.324   2.606   2.902   0.292
3   73   2.929   2.929   2.929   0.871
3   74   2.543   1.519   1.008   0.732
3   75   2.517   0.665   0.744   1.152
3   76   4.123   2.197   1.863   1.774
3   77   2.237   1.604   1.650   0.699
3   78   1.463   1.446   1.564   0.807
3   79   2.115   2.377   2.680   0.383
3   80   2.482   1.809   0.935   0.824
3   81   2.399   2.110   1.862   0.891
3   82   1.945   1.678   1.490   0.729

[[PAPER PAGE 56]]
3   83    1.852   1.779   1.944   0.661
3   84    2.322   2.985   2.863   1.062
3   85    4.141   3.467   3.467   3.368
3   86    2.073   1.192   1.104   1.262
3   87    4.539   2.530   2.977   1.004
3   88    4.544   1.710   1.923   0.593
3   89    1.472   1.299   1.385   0.884
3   90    1.695   1.755   1.810   1.210
3   91    2.118   2.105   2.097   1.132
3   92    2.110   2.390   2.662   0.754
3   93    2.501   2.310   2.483   0.854
3   94    0.513   0.527   0.639   0.590
3   95    1.003   1.233   1.563   0.493
3   96    2.701   2.297   2.108   0.937
3   97    2.076   0.386   0.767   1.581
3   99    3.377   3.228   3.377   3.371
3   100   2.031   2.273   2.502   0.461
3   101   1.637   1.638   1.638   0.909
3   102   2.173   1.884   1.416   1.008
3   103   2.911   2.296   1.143   0.957
3   104   3.424   3.424   3.424   0.587
3   105   0.808   1.347   1.627   0.768
3   106   3.012   2.700   2.350   1.149
3   107   2.612   2.557   2.438   0.555
3   108   4.530   2.091   1.498   1.437
3   109   3.023   2.139   2.141   1.446
3   110   1.933   1.690   2.078   0.672
3   111   2.772   2.763   2.793   2.808
3   113   2.262   1.009   1.402   0.524
3   114   3.469   2.453   1.910   0.677
3   115   2.469   0.975   1.609   0.789
3   116   4.439   2.927   3.251   1.409
3   117   2.410   0.532   0.744   0.877
3   118   2.699   2.401   2.401   0.837
3   119   1.872   2.151   2.438   0.428
3   120   1.330   1.330   1.330   0.563
3   122   2.515   2.388   2.339   2.004
3   123   2.420   1.165   1.899   1.322
3   124   0.161   0.165   0.168   0.202
3   125   1.835   1.835   1.835   0.975
3   126   0.290   0.288   0.279   0.373
3   127   1.466   1.444   1.596   0.863
3   128   2.436   2.089   1.617   1.109
3   129   2.204   2.108   2.062   1.106
3   130   1.733   1.800   1.869   0.935
3   131   2.025   1.816   1.273   0.769
3   132   2.460   2.434   2.130   0.748
3   133   4.872   1.143   1.513   0.548
3   134   0.110   0.110   0.110   0.260
3   135   2.271   1.803   0.845   0.828
3   136   4.734   2.089   2.100   0.709
3   137   1.478   1.479   1.479   0.956
3   138   0.175   0.172   0.168   0.243
3   139   2.228   2.070   2.573   2.072
3   140   2.824   1.862   2.712   2.016
4   0     3.901   0.900   1.167   0.410
4   1     4.113   1.964   2.186   0.802

[[PAPER PAGE 57]]
4   2    3.921   2.078   1.989   1.341
4   3    3.946   1.292   1.547   0.610
4   4    3.291   2.909   1.906   0.721
4   5    3.946   0.957   1.053   0.499
4   6    3.649   1.116   1.533   0.780
4   7    3.362   1.556   1.538   0.724
4   8    3.461   2.548   3.426   1.097
4   9    3.901   1.268   1.302   0.491
4   10   3.906   1.398   1.644   0.830
4   11   2.129   0.873   1.113   0.496
4   12   3.660   1.792   1.838   0.955
4   13   2.951   3.020   2.141   0.688
4   14   3.782   1.180   1.593   0.756
4   15   3.504   1.923   1.189   0.410
4   16   3.498   3.271   2.520   0.707
4   17   3.464   3.237   2.550   0.622
4   18   3.341   3.231   2.679   0.848
4   19   3.776   2.170   1.575   0.960
4   20   3.291   2.212   1.425   0.561
4   21   2.930   1.170   1.311   0.711
4   22   3.411   2.472   2.756   1.168
4   23   1.447   1.151   1.048   1.365
4   24   2.957   1.693   2.060   0.695
4   25   3.692   2.235   1.748   1.439
4   26   3.486   1.077   1.791   0.795
4   27   3.087   1.523   1.691   1.539
4   28   3.018   2.415   2.307   1.026
4   29   3.158   2.577   2.237   0.474
4   30   3.904   2.795   3.673   2.714
4   31   2.750   1.182   0.921   0.380
4   32   2.841   1.370   1.472   0.769
4   33   4.332   2.932   2.397   0.752
4   34   3.113   1.644   1.712   0.941
4   35   3.657   2.778   2.672   1.554
4   36   2.558   2.343   1.986   1.037
4   37   4.248   2.960   1.816   1.282
4   38   4.115   2.280   3.431   2.129
4   39   2.976   1.753   1.448   1.154
4   40   2.082   2.134   2.188   1.308
4   41   2.730   1.118   1.590   0.689
4   42   3.204   3.345   2.650   2.248
4   43   4.413   2.146   1.973   1.178
4   44   2.614   1.822   0.871   0.645
4   45   2.654   2.097   1.449   0.844
4   46   3.480   3.501   3.510   2.174
4   47   3.005   2.250   2.127   0.802
4   48   3.079   2.019   1.606   0.787
4   49   3.828   3.070   2.846   2.488
4   50   3.310   2.953   3.176   1.119
4   51   3.280   2.103   2.110   1.248
4   52   1.429   1.449   1.478   1.456
4   53   2.707   2.269   0.970   0.673
4   54   0.548   0.560   0.559   0.563
4   55   2.197   1.507   1.981   0.647
4   56   3.339   1.552   1.465   0.727
4   57   2.986   1.110   0.928   0.471
4   58   2.811   1.328   1.264   0.867

