[ARCHIVED PAPER SUBMISSION 38; original chunk 14/30; segment 1/3]
[[PAPER PAGE 33]]
                                    0.001226149989   0.098625028903
Comamonas         51   13   0.255
                                    1986897          93288
                                    0.001742210385   0.098625028903
Johnsonella       35   10   0.286
                                    1516847          93288
                                    0.002386089408   0.098625028903
Simonsiella       20   7    0.350
                                    966118           93288
                                    0.002386089408   0.098625028903
Desulfobulbus     20   7    0.350
                                    966118           93288
                                    0.003030225403   0.107356557145
Sutterella        56   13   0.232
                                    3037486          61852
                                    0.003583040147   0.111074244580
Agathobacter      77   16   0.208
                                    751078           28342
                                    0.005889699276   0.161109957476
Collinsella       67   14   0.209
                                    757321           64922
                                    0.006747618035   0.161109957476
Desulfovibrio     68   14   0.206
                                    44495            64922
Anaerosporoba                       0.007783619237   0.161109957476
                  30   8    0.267
cter                                92132            64922
                                    0.008004971888   0.161109957476
Solobacterium     49   11   0.224
                                    016863           64922
                                    0.008445280029   0.161109957476
Bilophila         56   12   0.214
                                    017902           64922
                                    0.016260359901   0.288040661110
Barnesiella       47   10   0.213
                                    383525           2225
                                    0.021501268881   0.350420126357
Bergeyella        49   10   0.204
                                    13899            6335
                                    0.022607750087   0.350420126357
Anaerovorax       23   6    0.261
                                    589258           6335
                                    0.024238404563   0.353595548926
Odoribacter       57   11   0.193
                                    49196            2357
                                    0.025826788661   0.355835754897
Cetobacterium     30   7    0.233
                                    909898           42525
                                    0.031994021841   0.412814207952
Mogibacterium     45   9    0.200
                                    86363            3551
                                    0.034209123078   0.412814207952
Eubacterium       60   11   0.183
                                    73303            3551
Subdoligranulu                      0.035467001433   0.412814207952
                  83   14   0.169
m                                   08487            3551
                                    0.036620615221   0.412814207952
Slackia           39   8    0.205
                                    57989            3551
                                    0.040017895148   0.431497304212
Ca
[END SEGMENT]