[ARCHIVED PAPER SUBMISSION 39; original chunk 14/30; segment 2/3]
mpylobacter     69   12   0.174
                                    75476            66
                                    0.043174495284   0.446136451272
Enhydrobacter     20   5    0.250
                                    46339            78834
                                    0.046060001870   0.453852358283
Fastidiosipila    86   14   0.163
                                    58948            953
Stomatobaculu                       0.048144326629   0.453852358283
                  34   7    0.206
m                                   12472            953
Phascolarctoba                      0.049411345458   0.453852358283
                  56   10   0.179
cterium                             33359            953
                                    0.055006948868   0.470404252390
Fournierella      28   6    0.214
                                    291425           906
Propionibacteri                     0.055006948868   0.470404252390
                  28   6    0.214
um                                  291425           906
                                    0.060669351591   0.483186617866
Moryella          43   8    0.186
                                    22358            3752
Aggregatibacte                      0.062828142375   0.483186617866
                  36   7    0.194
r                                   83728            3752
Fretibacterium    29   6    0.207   0.063717444452   0.483186617866

[[PAPER PAGE 34]]
                                   2859             3752
                                   0.064294993506   0.483186617866
Leptotrichia     51   9    0.176
                                   41282            3752
Dolosigranulu                      0.071085058271   0.518502777982
                 37   7    0.189
m                                  75729            2297
                                   0.073190108399   0.518604196662
Anaeroplasma     30   6    0.200
                                   87991            0062
                                   0.085074885878   0.577705898153
Papillibacter    24   5    0.208
                                   67089            1825
                                   0.086189992869   0.577705898153
Cutibacterium    54   9    0.167
                                   62803            1825
                                   0.089433889739   0.583673806720
Anaerotruncus    39   7    0.179
                                   4184             4149
                                   0.099516423965   0.626546230147
Abiotrophia      40   7    0.175
                                   55122            6376
                                   0.102970794170   0.626546230147
Lautropia        56   9    0.161
                                   76241            6376
                                   0.106108635750   0.626546230147
Moraxella        33   6    0.182
                                   80959            6376
                                   0.106108635750   0.626546230147
Butyricimonas    33   6    0.182
                                   80959            6376
                                   0.119923548936   0.672906616565
Butyricicoccus   66   10   0.152
                                   55092            6145
                                   0.121447206815   0.67290661656
[END SEGMENT]