[ARCHIVED PAPER SUBMISSION 40; original chunk 14/30; segment 3/3]
5
Enterorhabdus    42   7    0.167
                                   06566            6145
Hydrogenoanae                      0.126557448308   0.672906616565
                 27   5    0.185
robacterium                        2461             6145
                                   0.126557448308   0.672906616565
Tumebacillus     27   5    0.185
                                   2461             6145
                                   0.131635774841   0.672906616565
Leuconostoc      35   6    0.171
                                   83725            6145
Saccharoferme                      0.132953323434   0.672906616565
                 20   4    0.200
ntans                              3351             6145
                                   0.132953323434   0.672906616565
Marinomonas      20   4    0.200
                                   3351             6145
                                   0.141635604798   0.691053967992
Parasutterella   60   9    0.150
                                   3447             992
Ammopiptanth                       0.142111904708   0.691053967992
                 28   5    0.179
us                                 23626            992
                                   0.145397301335   0.693433283290
Finegoldia       36   6    0.167
                                   03725            1777
                                   0.153620635614   0.718828634575
Alistipes        78   11   0.141
                                   8474             135
                                   0.158507385398   0.727959844051
Ruminococcus     45   7    0.156
                                   35585            7083
                                   0.167051115612   0.753248666759
Paucibacter      88   12   0.136
                                   0358             725
Carnobacteriu                      0.171927897066   0.761394972722
                 22   4    0.182
m                                  45586            8759
                                   0.192731013518   0.838548971098
Erysipelothrix   23   4    0.174
                                   62001            5572
                                   0.198722696795   0.849710841470
Oribacterium     65   9    0.138
                                   465              2642
                                   0.211164667510   0.871098939074
Neisseria        66   9    0.136
                                   03035            7419
                                   0.211498288699   0.871098939074
Fluviicola       32   5    0.156
                                   32752            7419
                                   0.214262239046   0.871098939074
Ezakiella        24   4    0.167
                                   6099             7419


[END SEGMENT]