[ARCHIVED PAPER SUBMISSION 41; original chunk 15/30; segment 1/3]
[[PAPER PAGE 35]]
                                    0.223906961655   0.876994694286
Akkermansia       67   9    0.134
                                    63617            9572
                                    0.230317869582   0.876994694286
Selenomonas       33   5    0.152
                                    99133            9572
Methanobrevib                       0.230317869582   0.876994694286
                  33   5    0.152
acter                               99133            9572
                                    0.236408642446   0.876994694286
Nocardia          25   4    0.160
                                    82802            9572
                                    0.236408642446   0.876994694286
Fibrobacter       25   4    0.160
                                    82802            9572
                                    0.236930018214   0.876994694286
Megasphaera       68   9    0.132
                                    6215             9572
Lachnoanaerob                       0.249591716212   0.889187205813
                  34   5    0.147
aculum                              1227             5635
                                    0.249591716212   0.889187205813
Kingella          34   5    0.147
                                    1227             5635
Parabacteroide                      0.250980259705   0.889187205813
                  87   11   0.126
s                                   4413             5635
                                    0.269251039773   0.940482505125
Catonella         35   5    0.143
                                    8372             5159
Corynebacteriu                      0.299986479936
                  91   11   0.121                    1.0
m                                   78423
                                    0.305433696908
Tannerella        28   4    0.143                    1.0
                                    1328
Candidatus_Sol                      0.309453563742
                  37   5    0.135                    1.0
eaferrea                            88324
                                    0.309557239204
Lachnospira       55   7    0.127                    1.0
                                    41663
                                    0.316254147757
Anaerostipes      83   10   0.120                    1.0
                                    0478
Bradyrhizobiu                       0.323142403941
                  65   8    0.123                    1.0
m                                   11926
                                    0.328568897146
Olsenella         47   6    0.128                    1.0
                                    1327
Acetitomaculu                       0.328952034984
                  29   4    0.138                    1.0
m                                   918
                                    0.329863552054
Pedobacter        38   5    0.132                    1.0
                                    893
                                    0.342891437728
Atopobium         57   7    0.123                    1.0
                                    06113
                                    0.351591175516
Gemmata           21   3    0.143                    1.0
                                    9639
Negativibacillu                     0.35
[END SEGMENT]