[ARCHIVED PAPER SUBMISSION 67; original chunk 24/30; segment 2/3]
r
 2            0             1.373         1.207          1.145           0.373
 2            1             1.852         2.319          2.474           0.821
 2            2             2.405         2.549          3.069           0.868
 2            3             2.529         1.427          1.610           0.694
 2            4             2.985         1.551          1.320           0.504
 2            5             2.610         1.792          1.963           0.852
 2            6             3.185         1.402          1.665           0.626
 2            7             3.147         2.209          2.041           0.639
 2            8             2.700         1.488          2.020           0.846
 2            9             3.815         2.484          1.573           0.486
 2            10            2.620         1.533          1.709           0.614
 2            11            3.439         1.457          1.313           0.389
 2            12            2.748         1.427          1.486           0.640
 2            13            1.812         1.303          1.283           0.630
 2            14            2.568         2.319          2.685           1.299
 2            15            3.546         2.586          1.129           0.345
 2            16            3.525         2.779          3.179           0.490
 2            17            3.324         2.930          3.052           0.510
 2            18            2.790         3.320          3.070           1.081
 2            19            3.095         2.114          1.003           1.036
 2            20            2.962         2.482          1.505           0.695
 2            21            1.958         1.800          1.255           0.737
 2            22            2.555         1.509          1.289           0.488
 2            23            2.028         2.099          2.152           1.124
 2            24            2.644         1.956          2.277           0.378
 2            25            3.358         2.400          2.399           1.398
 2            26            3.068         3.366          3.217           1.278
 2            27            3.241         3.159          2.139           1.112
 2            28            2.739         1.693          2.447           0.841
 2            29            2.989         1.942          2.905           0.440
 2            30            3.324         2.076          3.663           2.145
 2            31            2.558         1.199          1.416           0.477
 2            32            2.603         1.876          1.799           0.587
 2            33            2.817         1.061          0.883           0.693
 2            34            2.760         2.124          1.869           1.328
 2            35            2.164         1.528          1.588           0.850
 2            36            2.733         2.203          2.529           1.541
 2            37            2.442         1.913          2.872           1.314
 2            38            3.374         2.256          3.229           1.696
 2            39            2.405         1.770          1.071           0.860
 2            40            1.491         1.521          1.536           1.085
 2            41            2.895         2.960          1.
[END SEGMENT]