[ARCHIVED PAPER SUBMISSION 68; original chunk 24/30; segment 3/3]
904           1.273
 2            42            2.922         2.319          3.160           1.740
 2            43            1.918         1.120          1.682           1.141
 2            44            2.562         1.329          1.181           0.515
 2            45            2.721         2.380          1.654           0.713
 2            46            3.212         3.223          3.238           1.805
 2            47            3.361         2.894          2.638           1.169

[[PAPER PAGE 53]]
2   48    3.267   2.792   2.597   1.286
2   49    2.326   1.028   0.976   0.750
2   50    2.697   2.791   3.212   0.664
2   51    3.151   2.891   2.613   1.816
2   52    1.635   1.640   1.636   0.919
2   53    2.406   1.259   1.072   0.495
2   54    1.442   1.442   1.442   1.179
2   55    2.097   1.806   2.134   0.705
2   56    3.263   2.887   2.451   1.362
2   57    2.718   2.047   1.347   0.647
2   58    2.459   1.867   0.864   0.683
2   59    2.337   1.408   2.522   0.507
2   60    1.770   2.280   2.144   1.250
2   61    2.045   1.944   1.364   0.783
2   62    2.254   2.568   2.899   0.291
2   63    1.775   0.828   1.019   0.888
2   64    2.255   2.699   2.679   0.892
2   65    2.540   1.823   1.142   0.803
2   66    3.141   2.317   2.181   1.412
2   67    2.155   1.436   1.532   0.675
2   68    2.967   2.774   3.055   1.161
2   69    2.560   1.592   1.439   1.038
2   70    2.949   2.619   2.800   1.176
2   71    2.471   1.693   0.931   0.529
2   72    2.128   2.419   2.737   0.304
2   73    2.451   1.885   1.885   1.029
2   74    2.404   1.715   0.924   0.638
2   75    2.395   1.951   1.532   0.653
2   76    1.407   1.318   1.405   0.864
2   77    2.245   1.804   1.218   0.569
2   78    1.926   1.706   1.510   0.885
2   79    2.062   2.355   2.660   0.700
2   80    2.169   1.772   0.892   0.500
2   81    3.138   1.308   0.952   0.679
2   82    1.994   2.705   1.391   0.996
2   83    1.750   2.183   2.727   0.993
2   84    3.134   2.932   3.017   1.278
2   85    2.129   1.420   1.498   0.458
2   86    3.135   0.971   1.108   1.018
2   87    2.221   2.299   3.350   1.245
2   88    3.171   3.245   3.054   0.511
2   89    2.010   1.272   2.161   2.003
2   90    2.289   2.358   2.404   1.049
2   91    1.503   0.863   0.859   1.321
2   92    1.811   2.070   2.337   0.471
2   93    1.121   1.624   2.441   0.760
2   94    1.755   1.491   0.892   0.557
2   95    1.801   1.944   2.211   0.496
2   96    2.419   1.087   1.584   1.212
2   97    1.480   0.617   0.773   0.380
2   98    1.481   1.485   0.625   0.137
2   99    1.862   0.682   1.219   0.589
2   100   1.960   2.182   2.399   0.517
2   102   2.120   1.905   1.282   0.813
2   103   2.679   1.909   0.978   0.871
2   104   3.298   3.375   3.375   1.383
2   106   2.785   3.002   2.573   0.923


[END SEGMENT]