[ARCHIVED PAPER SUBMISSION 69; original chunk 25/30; segment 1/3]
[[PAPER PAGE 54]]
2   107   2.515   2.510   2.444   0.756
2   108   2.438   1.642   0.847   0.880
2   109   2.155   1.247   1.807   1.221
2   110   1.662   1.617   2.116   0.776
2   113   1.147   0.941   1.219   0.558
2   114   2.858   3.247   2.295   0.620
2   115   2.530   2.206   1.993   1.214
2   116   2.876   2.524   2.876   1.051
2   117   2.379   2.359   2.637   1.074
2   118   1.982   2.274   2.274   1.415
2   119   1.741   1.992   2.283   0.393
2   120   2.759   3.044   3.044   2.518
2   122   2.527   1.499   2.367   1.749
2   123   2.300   0.996   1.530   0.738
2   124   0.194   0.191   0.189   0.144
2   125   2.278   2.051   2.197   1.460
2   126   0.142   0.142   0.143   0.088
2   127   1.811   1.530   1.867   1.574
2   128   2.312   1.957   1.355   1.093
2   129   2.277   2.272   1.782   1.147
2   130   2.258   2.313   2.348   0.983
2   131   2.223   1.924   1.213   0.468
2   132   3.207   0.984   0.702   0.563
2   133   2.235   0.984   1.264   0.527
2   134   0.767   0.766   0.765   0.815
2   135   2.120   1.642   1.347   0.635
2   136   2.065   1.948   1.781   1.047
2   137   0.465   0.465   0.465   1.693
2   138   0.139   0.137   0.135   0.138
2   139   2.156   0.790   1.122   1.228
2   140   2.916   1.696   2.437   1.990
3   0     2.692   0.879   1.198   0.327
3   1     3.912   1.600   1.960   1.029
3   2     3.988   2.186   2.417   0.818
3   3     3.679   1.253   1.512   0.649
3   4     3.369   1.302   1.272   0.451
3   5     4.037   1.074   1.515   0.461
3   6     3.757   0.752   0.943   0.476
3   7     3.570   1.353   1.952   1.055
3   8     3.136   1.754   1.861   0.747
3   9     3.931   0.988   1.197   0.368
3   10    3.025   1.509   1.526   0.649
3   11    3.156   0.987   1.365   0.373
3   12    3.729   1.341   1.438   0.725
3   13    3.378   2.279   1.436   0.730
3   14    3.821   2.580   2.534   0.773
3   15    2.804   1.028   1.116   0.383
3   16    3.040   2.313   1.350   0.618
3   17    3.489   2.964   1.632   0.600
3   18    3.620   3.526   2.898   0.524
3   19    4.771   2.353   1.188   0.914
3   20    3.403   2.577   2.433   1.197
3   21    2.948   1.788   1.820   0.455
3   22    3.769   1.015   1.528   1.059
3   23    2.485   1.344   1.370   0.980
3   24    2.960   2.232   1.901   0.673
3   25    3.116   2.602   1.995   0.969

[[PAPER PAGE 55]]
3   26   4.228   3.502   3.377   1.256
3   27   3.416   2.585   2.307   1.199
3   28   3.524   2.890   3.046   0.923
3   29   3.266   1.377   2.271   0.443
3   30   3.064   2.998   3.085   1.927
3   31   2.482   1.104   0.956   0.416
3   32   2.978   1.782   1.723   0.602
3   33   3.480   1.761   2.133   1.334
3   34   2.914   1.856   2.031   0.961
3   35   2.919   1.601   1.330   0.449
3   36   3.238   3.033   2.778   1.628
3   37   4.988   1.986   2.224   1.293
3   38   4.578   1.532   2.686   1.385
3   39   3.369   2.302   1.345   0.878
3   40   2.130   1.333   1.373   0.982
3   41   2.602   1.543   1.713   0.906
3   42   2.704   1.592   2.602   1.580
3   43   4.576   1.711   1.454   0.970
3   44   2.551   1.982   1.411   0.958
3   45   2.415   1.912   1.528   0.978
3   46   2.727   2.141   2.892   1.497
3   47   4.370   2.832   2.897   0.926
3   48   4.282   2.589   2.591   0.959
3   49   3.236   1.260   0.725   0.724
3   50   2.517   2.582   2.950   0.804
3   51  
[END SEGMENT]