[ARCHIVED PAPER SUBMISSION 70; original chunk 25/30; segment 2/3]
 3.398   3.333   2.893   1.816
3   52   1.105   1.093   1.086   0.996
3   53   2.588   2.729   2.537   0.746
3   54   0.823   0.828   0.831   1.130
3   55   2.067   1.669   2.303   0.626
3   56   3.342   3.206   2.579   1.216
3   57   2.982   2.236   1.637   0.512
3   58   4.157   2.098   1.363   0.883
3   59   4.527   1.687   2.336   0.680
3   60   2.165   1.502   2.165   0.533
3   61   2.834   2.335   1.639   0.877
3   62   2.340   2.620   2.921   0.368
3   63   1.698   1.404   1.405   0.801
3   64   2.770   0.861   1.198   1.144
3   65   2.707   1.328   1.113   0.865
3   66   1.333   0.732   1.448   0.763
3   67   2.443   1.402   1.893   0.725
3   68   2.707   1.586   2.292   1.068
3   69   3.904   1.662   1.560   0.820
3   70   2.562   2.102   2.327   1.101
3   71   2.425   1.629   1.133   0.807
3   72   2.324   2.606   2.902   0.292
3   73   2.929   2.929   2.929   0.871
3   74   2.543   1.519   1.008   0.732
3   75   2.517   0.665   0.744   1.152
3   76   4.123   2.197   1.863   1.774
3   77   2.237   1.604   1.650   0.699
3   78   1.463   1.446   1.564   0.807
3   79   2.115   2.377   2.680   0.383
3   80   2.482   1.809   0.935   0.824
3   81   2.399   2.110   1.862   0.891
3   82   1.945   1.678   1.490   0.729

[[PAPER PAGE 56]]
3   83    1.852   1.779   1.944   0.661
3   84    2.322   2.985   2.863   1.062
3   85    4.141   3.467   3.467   3.368
3   86    2.073   1.192   1.104   1.262
3   87    4.539   2.530   2.977   1.004
3   88    4.544   1.710   1.923   0.593
3   89    1.472   1.299   1.385   0.884
3   90    1.695   1.755   1.810   1.210
3   91    2.118   2.105   2.097   1.132
3   92    2.110   2.390   2.662   0.754
3   93    2.501   2.310   2.483   0.854
3   94    0.513   0.527   0.639   0.590
3   95    1.003   1.233   1.563   0.493
3   96    2.701   2.297   2.108   0.937
3   97    2.076   0.386   0.767   1.581
3   99    3.377   3.228   3.377   3.371
3   100   2.031   2.273   2.502   0.461
3   101   1.637   1.638   1.638   0.909
3   102   2.173   1.884   1.416   1.008
3   103   2.911   2.296   1.143   0.957
3   104   3.424   3.424   3.424   0.587
3   105   0.808   1.347   1.627   0.768
3   106   3.012   2.700   2.350   1.149
3   107   2.612   2.557   2.438   0.555
3   108   4.530   2.091   1.498   1.437
3   109   3.023   2.139   2.141   1.446
3   110   1.933   1.690   2.078   0.672
3   111   2.772   2.763   2.793   2.808
3   113   2.262   1.009   1.402   0.524
3   114   3.469   2.453   1.910   0.677
3   115   2.469   0.975   1.609   0.789
3   116   4.439   2.927   3.251   1.409
3   117   2.410   0.532   0.744   0.877
3   118   2.699   2.401   2.401   0.837
3   119   1.872   2.151   2.438   0.428
3   120   1.330   1.330   1.330   0.563
3   122   2.515   2.388   2.339   2.004
3   123   2.420   1.165   1.899   1.322
3   124   0.161   0.165   0.168   0.202
3   125   1.835   1.835   1.835   0.975
3   126   0.290   0.288   0.279   0.373
3   127   1.466   1.444   1.596   0.863
3   128   2.436   2.089   1.617   1.109
3   129   2.204   2.108   2.062   1.106
3   130   1.733   1.800   1.869   0.935
3   131   2.025   1.816   1.273   0.769
3   132   2.460   2.434   2.130   0.748
3   133   4.872   1.143   1.513   0.548
3   134   0.110   0.110   0.110   0.260
3   135   2.271   1.803   0.845   0.828
3   136   4.734   2.089   2.100   0.709
3
[END SEGMENT]