[ARCHIVED PAPER SUBMISSION 71; original chunk 25/30; segment 3/3]
   137   1.478   1.479   1.479   0.956
3   138   0.175   0.172   0.168   0.243
3   139   2.228   2.070   2.573   2.072
3   140   2.824   1.862   2.712   2.016
4   0     3.901   0.900   1.167   0.410
4   1     4.113   1.964   2.186   0.802

[[PAPER PAGE 57]]
4   2    3.921   2.078   1.989   1.341
4   3    3.946   1.292   1.547   0.610
4   4    3.291   2.909   1.906   0.721
4   5    3.946   0.957   1.053   0.499
4   6    3.649   1.116   1.533   0.780
4   7    3.362   1.556   1.538   0.724
4   8    3.461   2.548   3.426   1.097
4   9    3.901   1.268   1.302   0.491
4   10   3.906   1.398   1.644   0.830
4   11   2.129   0.873   1.113   0.496
4   12   3.660   1.792   1.838   0.955
4   13   2.951   3.020   2.141   0.688
4   14   3.782   1.180   1.593   0.756
4   15   3.504   1.923   1.189   0.410
4   16   3.498   3.271   2.520   0.707
4   17   3.464   3.237   2.550   0.622
4   18   3.341   3.231   2.679   0.848
4   19   3.776   2.170   1.575   0.960
4   20   3.291   2.212   1.425   0.561
4   21   2.930   1.170   1.311   0.711
4   22   3.411   2.472   2.756   1.168
4   23   1.447   1.151   1.048   1.365
4   24   2.957   1.693   2.060   0.695
4   25   3.692   2.235   1.748   1.439
4   26   3.486   1.077   1.791   0.795
4   27   3.087   1.523   1.691   1.539
4   28   3.018   2.415   2.307   1.026
4   29   3.158   2.577   2.237   0.474
4   30   3.904   2.795   3.673   2.714
4   31   2.750   1.182   0.921   0.380
4   32   2.841   1.370   1.472   0.769
4   33   4.332   2.932   2.397   0.752
4   34   3.113   1.644   1.712   0.941
4   35   3.657   2.778   2.672   1.554
4   36   2.558   2.343   1.986   1.037
4   37   4.248   2.960   1.816   1.282
4   38   4.115   2.280   3.431   2.129
4   39   2.976   1.753   1.448   1.154
4   40   2.082   2.134   2.188   1.308
4   41   2.730   1.118   1.590   0.689
4   42   3.204   3.345   2.650   2.248
4   43   4.413   2.146   1.973   1.178
4   44   2.614   1.822   0.871   0.645
4   45   2.654   2.097   1.449   0.844
4   46   3.480   3.501   3.510   2.174
4   47   3.005   2.250   2.127   0.802
4   48   3.079   2.019   1.606   0.787
4   49   3.828   3.070   2.846   2.488
4   50   3.310   2.953   3.176   1.119
4   51   3.280   2.103   2.110   1.248
4   52   1.429   1.449   1.478   1.456
4   53   2.707   2.269   0.970   0.673
4   54   0.548   0.560   0.559   0.563
4   55   2.197   1.507   1.981   0.647
4   56   3.339   1.552   1.465   0.727
4   57   2.986   1.110   0.928   0.471
4   58   2.811   1.328   1.264   0.867


[END SEGMENT]