[ARCHIVED PAPER SUBMISSION 72; original chunk 26/30; segment 1/3]
[[PAPER PAGE 58]]
4   59    2.806   2.603   2.374   0.532
4   60    3.632   3.542   3.544   2.205
4   61    2.626   1.615   0.962   0.834
4   62    2.054   2.343   2.753   0.341
4   63    2.543   1.411   1.739   1.361
4   64    2.342   1.598   1.729   0.874
4   65    2.795   1.228   1.428   0.713
4   66    3.278   1.635   3.043   2.291
4   67    2.468   1.519   1.364   0.668
4   68    4.122   2.763   2.895   1.592
4   69    5.209   2.830   2.578   0.826
4   70    3.838   2.862   3.019   1.632
4   71    2.561   1.954   1.400   0.660
4   72    2.050   2.316   2.714   0.409
4   73    3.389   2.869   3.129   1.967
4   74    2.283   1.064   1.110   0.729
4   75    2.433   1.237   0.628   0.559
4   76    2.079   1.403   1.334   0.719
4   77    2.756   1.668   1.111   0.592
4   78    2.198   2.072   1.894   1.178
4   79    1.904   2.173   2.611   0.246
4   80    3.221   1.525   1.302   0.521
4   81    2.588   1.449   1.728   1.127
4   82    2.467   1.765   1.700   0.911
4   83    2.852   2.716   2.844   1.032
4   84    2.777   0.975   1.453   0.875
4   85    4.416   1.283   1.283   1.128
4   86    2.709   1.434   1.531   1.150
4   87    1.742   2.548   2.579   0.698
4   88    4.225   1.942   1.528   0.625
4   89    3.705   1.902   1.920   1.106
4   90    1.763   1.861   1.911   1.337
4   91    3.042   0.907   0.918   1.579
4   92    1.805   2.085   2.436   0.370
4   93    2.390   2.146   2.298   0.816
4   94    6.637   1.235   0.074   0.132
4   95    1.697   1.828   2.352   0.198
4   96    4.339   2.735   2.430   0.869
4   100   1.831   2.085   2.380   0.427
4   102   3.545   2.177   0.960   0.482
4   103   2.306   1.890   1.328   0.734
4   104   4.700   2.484   1.869   0.524
4   106   3.166   2.624   1.709   0.611
4   107   2.625   2.394   2.349   0.661
4   108   2.885   1.147   1.128   0.704
4   109   2.028   0.482   1.056   0.584
4   110   2.476   1.888   2.311   0.730
4   113   2.293   1.058   1.375   0.778
4   114   2.997   2.616   1.904   0.453
4   115   4.581   2.205   2.052   0.935
4   116   2.998   2.998   2.998   0.714
4   117   2.461   2.536   2.656   0.837
4   118   2.359   2.242   2.359   0.655
4   119   1.534   1.764   2.146   0.453
4   122   0.135   0.198   0.257   0.307
4   123   1.966   4.362   2.474   1.139
4   124   0.187   0.187   0.188   0.379

[[PAPER PAGE 59]]
4   125   3.167   3.345   3.418   3.095
4   126   3.636   1.004   1.003   0.999
4   127   2.308   2.127   2.282   0.996
4   128   2.319   1.656   1.286   0.748
4   129   3.435   2.450   2.116   0.695
4   130   1.538   1.642   1.754   1.237
4   131   2.216   1.924   1.283   0.611
4   132   4.743   1.261   1.871   0.751
4   133   4.740   1.735   1.120   0.595
4   134   0.086   0.071   0.055   0.049
4   135   2.166   3.032   2.334   0.714
4   136   2.744   1.899   0.867   1.351
4   137   0.023   0.023   0.023   2.282
4   138   0.541   1.181   1.180   1.178
4   139   2.032   1.610   1.618   1.438
4   140   0.168   0.515   0.656   1.269
5   0     3.078   0.828   0.956   0.461
5   1     3.151   1.673   2.010   0.954
5   2     2.726   1.690   1.565   1.276
5   3     2.432   1.048   1.251   0.888
5   4     3.188   1.027   1.286   0.833
5   5     2.156   0.860   2.385   0.534
5   6     2.410   0.985   2.576   0.711
5   7     2.010   2.065   1.592   1.542
5   8     2.429   1.853
[END SEGMENT]