[ARCHIVED PAPER SUBMISSION 73; original chunk 26/30; segment 2/3]
   1.466   1.059
5   9     3.433   0.635   1.251   0.402
5   10    2.308   0.867   1.406   0.864
5   11    2.695   0.972   1.159   0.440
5   12    2.435   1.508   1.762   0.852
5   13    2.341   0.899   1.335   0.926
5   14    2.197   1.302   1.791   1.365
5   15    3.083   0.901   1.124   0.466
5   16    3.029   1.305   3.241   0.744
5   17    2.889   1.386   3.279   0.753
5   18    3.721   3.520   3.425   0.825
5   19    3.094   1.277   3.241   1.539
5   20    2.384   2.329   2.500   0.953
5   21    2.601   1.374   2.177   0.674
5   22    2.085   1.027   1.388   0.769
5   23    1.926   1.979   1.927   1.195
5   24    2.663   2.467   2.318   0.743
5   25    3.072   1.558   1.992   0.892
5   26    2.669   3.009   3.186   0.821
5   27    2.986   2.098   2.959   1.233
5   28    2.051   1.820   2.504   0.754
5   29    3.283   1.671   2.519   0.546
5   30    3.003   1.669   3.076   3.052
5   31    2.608   1.454   1.247   0.513
5   32    2.592   2.472   2.357   0.446
5   33    2.713   2.849   2.920   0.946
5   34    2.058   2.530   2.625   0.772
5   35    3.279   2.897   2.723   1.893
5   36    2.379   2.636   2.737   1.061
5   37    3.173   2.891   1.556   1.225
5   38    2.717   2.387   2.693   2.107
5   39    2.513   1.418   0.740   1.467
5   40    2.632   2.652   2.674   1.437

[[PAPER PAGE 60]]
5   41   2.316   2.111   2.103   0.684
5   42   1.934   2.594   2.037   2.378
5   43   3.897   1.940   1.753   1.178
5   44   2.222   0.969   1.412   0.774
5   45   2.559   2.109   1.930   1.250
5   46   3.154   1.547   2.795   2.354
5   47   2.821   2.781   2.785   1.265
5   48   2.417   2.601   2.660   1.410
5   49   2.784   2.800   2.608   1.823
5   50   1.490   1.855   2.386   0.764
5   51   2.956   2.374   2.982   1.040
5   52   2.098   2.102   2.078   1.480
5   53   2.665   3.051   2.565   0.639
5   54   3.494   3.494   3.494   2.638
5   55   2.126   1.782   1.950   0.980
5   56   3.321   3.315   3.281   0.602
5   57   3.060   2.412   2.542   0.696
5   58   2.036   1.658   2.002   0.906
5   59   2.337   1.338   1.527   0.523
5   60   3.555   3.396   3.393   2.171
5   61   2.521   2.420   2.165   0.703
5   62   2.078   2.207   2.488   0.332
5   63   2.800   2.894   2.823   1.567
5   64   2.403   0.962   2.470   1.048
5   65   2.324   1.637   1.244   0.461
5   66   3.350   3.197   3.548   2.235
5   67   2.463   1.134   1.068   0.844
5   68   2.633   0.889   1.249   1.268
5   69   2.273   1.067   2.201   0.551
5   70   0.304   0.973   1.742   0.910
5   71   2.279   1.962   0.736   0.581
5   72   2.148   2.258   2.522   0.316
5   73   1.824   2.261   1.749   1.724
5   74   2.067   0.820   1.648   0.665
5   75   3.977   1.595   1.186   0.698
5   76   2.938   2.938   2.868   1.644
5   77   3.402   1.413   1.508   0.647
5   78   2.137   2.025   2.224   1.044
5   79   2.329   2.411   2.693   0.614
5   80   2.418   0.760   0.804   0.469
5   81   2.227   1.347   2.230   0.912
5   82   1.613   1.939   1.815   1.128
5   83   1.667   1.558   1.551   1.483
5   84   2.541   2.530   2.530   1.073
5   85   1.016   1.104   1.116   0.743
5   86   2.568   0.964   1.042   1.660
5   87   4.101   1.488   3.723   0.660
5   88   3.195   0.836   1.050   0.506
5   89   4.808   1.508   0.942   1.119
5   90   2.481   2.540   2.565   1.369
5   91   2.675   2.664   2.659   1
[END SEGMENT]