[ARCHIVED PAPER SUBMISSION 75; original chunk 27/30; segment 1/3]
[[PAPER PAGE 61]]
 5            98                3.652            3.664           3.663           3.638
 5            99                1.255            1.012           1.217           0.323
 5            100               1.892            2.006           2.211           0.620
 5            101               2.185            2.185           2.185           1.639
 5            102               2.099            1.901           1.447           0.565
 5            103               2.334            2.108           2.064           1.109
 5            104               2.997            2.776           3.198           0.687
 5            105               3.189            3.176           3.160           3.153
 5            106               2.347            2.808           2.796           0.662
 5            107               2.673            2.370           2.844           0.897
 5            108               1.862            0.633           1.349           0.607
 5            109               2.354            1.974           2.223           0.976
 5            110               2.099            1.920           2.209           0.932
 5            111               1.162            1.389           1.583           0.771
 5            112               3.571            3.571           3.571           3.571
 5            113               2.124            2.196           2.091           1.626
 5            114               3.259            0.510           3.259           0.905
 5            115               2.777            0.816           2.196           1.277
 5            116               4.885            3.144           3.144           0.854
 5            117               2.335            2.098           1.237           0.752
 5            118               3.008            2.545           3.016           1.620
 5            119               2.300            2.380           2.625           0.397
 5            120               2.388            2.433           2.523           1.724
 5            122               1.689            1.680           1.611           1.260
 5            123               1.948            1.136           2.579           1.151
 5            124               0.138            0.134           0.131           0.396
 5            125               1.757            1.757           1.757           1.157
 5            126               0.122            0.122           0.122           0.248
 5            127               1.614            1.661           1.821           0.969
 5            128               2.741            2.072           1.908           0.754
 5            129               2.139            2.170           2.143           0.818
 5            130               2.677            2.762           2.844           1.501
 5            131               1.701            1.841           1.840           0.597
 5            132               2.842            1.565           2.158           1.126
 5            133               2.372            1.191           1.116           0.464
 5            134               0.439            0.726           0.609           0.837
 5            135               1.969            0.845           1.140           0.647
 5            136               3.406            2.094         
[END SEGMENT]